4825566.0
9461670.0
13868522.0
18057426.0
22029706.5
25795989.5
29369943.0
32755241.0
35961260.25
38995720.75
41868960.75
44585318.0
47155637.25
49586878.75
51884697.5
54058502.5
56112343.75
58052949.75
59888089.375
61621895.25
63261781.625
64812313.25
66278667.125
67666461.0
68982509.625
70228486.75
71408512.625
72526821.75
73586598.625
74591749.4375
75545277.9375
76450586.25
77317124.8125
78139820.4375
78921927.375
79665788.0625
80373995.6875
81048259.8125
81690720.25
82303282.875
82888732.875
83446814.0625
83979955.125
84489787.53125
84977449.03125
85444331.34375
85891862.09375
86321161.4375
86734929.875
87131999.3125
87513541.5
87880607.8125
88233935.1875
88574297.4375
88902507.28125
89219186.0
89525661.6875
89821721.09375
90107914.875
90384799.34375
90652826.6875
90912408.796875
91163981.5
91407932.15625
91645961.9375
91876931.515625
92101208.734375
92319165.359375
92531080.109375
92737196.75
92937773.921875
93133028.71875
93323624.25
93509135.59375
93689914.3125
93866328.484375
94038561.4375
94206691.90625
94370880.859375
94531279.703125
94688300.359375
94841856.03125
94992072.0
95139039.65625
95282882.84375
95423739.0
95561715.9375
95696917.015625
95829977.375
95960240.0234375
96087958.6328125
96213192.6484375
96335984.1875
96456494.6875
96574803.140625
96690913.2734375
96806735.640625
96919987.578125
97030924.6015625
97139926.7265625
107643.0859375
213254.3203125
316700.203125
418219.265625
518121.9921875
616546.90625
713489.7890625
808866.3984375
903056.5390625
995595.390625
1086585.265625
1176242.25
1264593.40625
1351618.2578125
1437367.0703125
1521832.796875
1605060.5859375
1687082.890625
1767961.046875
1847752.453125
1926446.0546875
2004007.8984375
2080513.2578125
2156009.375
2230708.5859375
2304436.6171875
2377197.9140625
2449014.5390625
2519906.0390625
2589893.671875
2659008.1796875
2727276.8359375
2795268.5625
2862306.734375
2928519.0625
2993923.9140625
3058533.765625
3122399.28515625
3185518.49609375
3247893.53125
3310908.80859375
3372757.10546875
3433620.73828125
3493656.73828125
3553078.9921875
3611912.2578125
3670095.37890625
3727664.81640625
3785017.2421875
3841513.265625
3897196.0625
3952156.8359375
4006498.69921875
4060260.76171875
4113466.671875
4166107.09375
4218311.65625
4269928.65234375
4321021.7734375
4371599.20703125
4421651.73046875
4471200.28515625
4520271.44140625
4568864.453125
4617321.04296875
4665285.91015625
4712800.56640625
4759858.625
4806458.703125
4852631.515625
4898377.671875
4943684.21484375
4988706.70703125
5033216.95703125
5077234.5859375
5120826.84375
5164029.1171875
5206868.046875
5249360.21875
5291490.90234375
5333270.74609375
5374700.3046875
5415778.97265625
5456511.6875
5496914.6875
5536988.40625
5576729.66796875
5616147.8359375
5655366.76953125
5694236.38671875
5732796.9140625
5771064.94921875
5809023.22265625
5846685.125
5884063.28515625
5921149.640625
5958478.1953125
5995412.9921875
6031922.58203125
6068069.265625
35961.625
71739.296875
107199.19921875
142296.25
177076.25390625
211600.12890625
245899.30859375
279974.0390625
313881.33203125
347527.9296875
380927.4296875
414086.81640625
446999.64453125
479673.7578125
512131.74609375
544383.65234375
576442.119140625
608269.162109375
639874.150390625
671275.740234375
702477.435546875
733476.326171875
764275.591796875
794879.291015625
825363.669921875
855644.666015625
885726.0859375
915611.779296875
945309.5859375
974827.87109375
1004168.650390625
1033331.296875
1062477.216796875
1091411.455078125
1120151.03125
1148717.837890625
1177110.8984375
1205333.953125
1233391.984375
1261280.421875
1289926.49609375
1318235.88671875
1346196.640625
1373886.599609375
1401366.080078125
1428677.271484375
1455845.34765625
1482868.45703125
1509927.80859375
1536785.45703125
1563408.427734375
1589789.9765625
1615942.58984375
1641906.578125
1667719.822265625
1693389.8203125
1718948.04296875
1744347.71484375
1769595.806640625
1794696.720703125
1819656.03125
1844480.63671875
1869176.244140625
1893744.451171875
1918326.927734375
1942775.587890625
1967082.115234375
1991247.85546875
2015280.6640625
2039189.138671875
2062979.22265625
2086653.26171875
2110371.015625
2133909.923828125
2157252.6015625
2180423.037109375
2203457.599609375
2226387.4765625
2249225.6953125
2271967.21484375
2294611.1640625
2317141.126953125
2339561.271484375
2361875.255859375
2384087.478515625
2406198.869140625
2428207.18359375
2450112.18359375
2471975.72265625
2493723.265625
2515360.51171875
2536900.75
2558345.501953125
2579692.193359375
2600945.013671875
2622106.802734375
2643491.234375
2664710.5078125
2685755.55078125
2706653.9375
20822.1875
41600.48828125
62282.109375
82838.384765625
103272.125
123603.5078125
143851.08984375
164020.83984375
184159.0859375
204201.83203125
224146.353515625
244003.181640625
263780.423828125
283477.162109375
303089.8125
322619.62890625
342103.01171875
361494.88671875
380804.39453125
400042.8359375
419213.30859375
438311.720703125
457333.783203125
476278.359375
495184.353515625
514008.974609375
532759.833984375
551443.919921875
570062.16015625
588612.240234375
607092.19140625
625501.005859375
643934.458984375
662290.779296875
680570.58984375
698778.005859375
716913.470703125
734978.63671875
752979.197265625
770919.08203125
789379.251953125
807689.591796875
825819.279296875
843797.212890625
861672.8671875
879486.625
897251.435546875
914956.693359375
932679.427734375
950287.9296875
967782.1640625
985178.302734375
1002482.951171875
1019700.9921875
1036845.69140625
1053932.04296875
1070990.43359375
1087986.01953125
1104920.02734375
1121792.126953125
1138602.87109375
1155353.97265625
1172046.78125
1188681.982421875
1205338.53125
1221934.80859375
1238470.982421875
1254949.076171875
1271369.828125
1287734.0625
1304044.6328125
1320305.41796875
1336609.603515625
1352839.7060546875
1368981.6806640625
1385042.009765625
1401035.646484375
1416977.27734375
1432875.98046875
1448733.412109375
1464555.90625
1480327.337890625
1496048.818359375
1511723.455078125
1527353.3828125
1542938.859375
1558479.0244140625
1573973.3330078125
1589467.5263671875
1604909.0361328125
1620299.3974609375
1635643.6337890625
1650944.169921875
1666200.259765625
1681411.716796875
1696580.16796875
1711921.0029296875
1727188.7265625
1742366.337890625
1757456.94921875
14997.171875
29985.2236328125
44947.974609375
59866.4052734375
74729.6982421875
89536.6181640625
104292.1552734375
119004.4306640625
133712.1162109375
148385.1611328125
163017.130859375
177603.654296875
192144.94140625
206644.7001953125
221106.955078125
235533.5888671875
249954.2666015625
264334.3720703125
278671.779296875
292969.166015625
307229.453125
321454.033203125
335643.326171875
349797.57421875
363942.166015625
378048.1015625
392113.6748046875
406140.5751953125
420132.3486328125
434092.048828125
448020.7646484375
461917.6923828125
475844.8681640625
489728.9658203125
503571.1015625
517376.611328125
531148.2939453125
544885.623046875
558587.51953125
572254.568359375
586298.26953125
600267.9658203125
614143.0576171875
627930.048828125
641647.33984375
655313.453125
668943.404296875
682547.0576171875
696170.1875
709754.0341796875
723270.0439453125
736712.9697265625
750090.931640625
763416.03125
776698.2333984375
789944.40234375
803188.81640625
816396.091796875
829570.5888671875
842714.3388671875
855827.212890625
868909.150390625
881960.8671875
894983.033203125
908016.5419921875
921019.7607421875
933990.3759765625
946928.8671875
959837.203125
972717.0185546875
985568.9580078125
998393.10546875
1011267.654296875
1024101.302734375
1036884.5634765625
1049619.0771484375
1062311.2685546875
1074968.697265625
1087598.958984375
1100207.6220703125
1112808.3271484375
1125383.85546875
1137931.984375
1150452.4765625
1162946.9814453125
1175417.3583984375
1187864.3681640625
1200287.7734375
1212718.1201171875
1225120.705078125
1237493.98046875
1249839.2119140625
1262158.08984375
1274451.935546875
1286721.662109375
1298967.9208984375
1311338.408203125
1323667.923828125
1335943.921875
1348166.716796875
12150.146484375
24295.5
36429.923828125
48544.02734375
60630.84765625
72687.7841796875
84715.2255859375
96715.033203125
108715.330078125
120694.5712890625
132653.279296875
144590.57421875
156504.2060546875
168392.5537109375
180256.203125
192097.4072265625
203936.6318359375
215755.3271484375
227552.7958984375
239329.2353515625
251084.4521484375
262818.1279296875
274530.408203125
286221.9560546875
297909.76953125
309577.27734375
321223.306640625
332847.904296875
344451.568359375
356035.0234375
367599.1328125
379144.5771484375
390723.6162109375
402276.6318359375
413803.1884765625
425306.1181640625
436788.3466796875
448251.203125
459694.2978515625
471116.7734375
482834.7802734375
494503.08984375
506109.5537109375
517659.2294921875
529163.0205078125
540630.7333984375
552070.884765625
563491.2431640625
574902.3525390625
586298.3974609375
597658.9931640625
608976.0576171875
620251.9423828125
631495.5146484375
642712.091796875
653905.48828125
665105.951171875
676280.326171875
687431.7373046875
698563.10546875
709675.484375
720768.6806640625
731842.3076171875
742896.2392578125
753958.73046875
765003.4462890625
776028.9853515625
787034.81640625
798021.5625
808990.4111328125
819942.5380859375
830878.8037109375
841863.236328125
852824.3115234375
863754.052734375
874652.6650390625
885524.2783203125
896373.1357421875
907202.673828125
918015.734375
928827.650390625
939624.1728515625
950405.2734375
961170.5087890625
971919.8525390625
982653.8955078125
993373.3095703125
1004078.4453125
1014791.4873046875
1025488.2021484375
1036167.48828125
1046830.5146484375
1057477.98828125
1068109.3642578125
1078724.4873046875
1089324.3154296875
1100016.0693359375
1110683.431640625
1121317.5625
1131917.24609375
10544.2763671875
21084.76171875
31618.181640625
42139.677734375
52645.822265625
63135.517578125
73608.486328125
84064.697265625
94526.7548828125
104974.2490234375
115407.3671875
125826.42578125
136231.1806640625
146621.2333984375
156996.310546875
167356.5224609375
177719.4765625
188068.341796875
198403.61328125
208726.7119140625
219037.7490234375
229335.8154296875
239620.169921875
249890.9296875
260160.6376953125
270417.8388671875
280661.7451171875
290891.9365234375
301108.2666015625
311311.0087890625
321500.79296875
331678.4140625
341887.6103515625
352079.5439453125
362253.1884765625
372410.126953125
382553.12890625
392684.2099609375
402803.0625
412908.46484375
423252.7392578125
433564.1875
443832.5732421875
454059.7890625
464253.11328125
474419.525390625
484564.708984375
494693.8125
504797.5703125
514897.0078125
524978.7822265625
535034.9267578125
545063.365234375
555065.4931640625
565044.6337890625
575005.3935546875
584978.4521484375
594933.826171875
604872.634765625
614796.21875
624706.03515625
634603.50390625
644489.876953125
654365.88671875
664243.51171875
674109.998046875
683965.037109375
693808.310546875
703639.720703125
713459.4013671875
723267.6005859375
733064.626953125
742908.32421875
752736.8056640625
762544.5908203125
772330.529296875
782096.388671875
791845.2353515625
801580.0751953125
811303.2451171875
821028.3544921875
830742.271484375
840445.6123046875
850138.982421875
859822.9208984375
869497.650390625
879162.8193359375
888817.9775390625
898479.2880859375
908129.26171875
917767.8310546875
927395.7451171875
937013.5673828125
946621.3271484375
956218.72265625
965805.6162109375
975463.6240234375
985103.291015625
994719.072265625
1004311.0576171875
9558.484375
19115.9541015625
28667.75390625
38209.2607421875
47738.25
57254.5546875
66759.130859375
76252.9521484375
85754.6142578125
95246.4765625
104728.083984375
114199.810546875
123662.330078125
133115.939453125
142560.318359375
151994.7763671875
161435.208984375
170865.470703125
180285.7900390625
189697.4462890625
199101.166015625
208496.654296875
217883.1591796875
227260.2646484375
236636.546875
246004.0703125
255362.3623046875
264711.4365234375
274051.3525390625
283382.0390625
292703.48046875
302015.9326171875
311356.6201171875
320684.9013671875
329999.9326171875
339302.4072265625
348594.0390625
357876.6748046875
367151.1650390625
376417.140625
385884.69921875
395326.3466796875
404734.63671875
414111.650390625
423463.41015625
432795.6015625
442112.4873046875
451417.26171875
460689.7373046875
469957.5283203125
479212.2666015625
488449.515625
497669.43359375
506874.01171875
516063.6123046875
525239.1630859375
534424.458984375
543596.544921875
552757.265625
561907.57421875
571047.9345703125
580178.962890625
589301.529296875
598416.33203125
607533.416015625
616641.98046875
625741.7080078125
634832.43359375
643914.2109375
652987.20703125
662051.69140625
671107.994140625
680206.7939453125
689294.732421875
698367.091796875
707422.1982421875
716461.0546875
725486.41796875
734501.5361328125
743509.15234375
752519.6279296875
761523.5546875
770521.177734375
779511.97265625
788495.1826171875
797470.2822265625
806437.23828125
815396.376953125
824365.388671875
833326.8408203125
842280.294921875
851225.994140625
860164.37109375
869095.5888671875
878019.5107421875
886936.0
895906.5654296875
904865.9736328125
913809.6337890625
922736.10546875
8892.5859375
17782.609375
26668.3935546875
35548.029296875
44420.533203125
53285.759765625
62143.734375
70994.2568359375
79854.2265625
88706.3544921875
97550.095703125
106385.8740234375
115214.37890625
124035.869140625
132850.3740234375
141657.71875
150476.3525390625
159287.9599609375
168091.9130859375
176888.857421875
185679.658203125
194464.5390625
203243.107421875
212014.8779296875
220785.4755859375
229549.3408203125
238305.7412109375
247054.787109375
255796.75
264531.791015625
273260.013671875
281981.552734375
290729.720703125
299468.12109375
308195.72265625
316913.14453125
325622.060546875
334324.138671875
343020.205078125
351710.1689453125
360573.9375
369419.3447265625
378239.4521484375
387034.3369140625
395807.5419921875
404563.73828125
413306.697265625
422039.2275390625
430745.275390625
439447.46875
448138.3203125
456816.72265625
465483.189453125
474137.76171875
482780.263671875
491411.279296875
500052.060546875
508681.404296875
517300.5908203125
525910.9130859375
534512.9775390625
543107.12890625
551693.9990234375
560274.544921875
568858.400390625
577435.123046875
586004.37890625
594566.3046875
603121.1787109375
611669.271484375
620210.953125
628746.6806640625
637329.7900390625
645904.576171875
654466.7392578125
663014.6962890625
671549.302734375
680072.595703125
688586.7333984375
697093.455078125
705603.94140625
714107.41796875
722604.4404296875
731095.638671875
739581.37890625
748061.6123046875
